4294967279,45
4294967279,44
4294967279,43
4294967279,42
4294967279,41
4294967279,40
4294967279,39
4294967279,38
4294967279,37
4294967279,36
4294967279,66
4294967279,65
4294967279,64
4294967279,63
4294967279,62
4294967279,61
4294967279,60
4294967279,59
4294967279,58
4294967279,57
4294967279,56
4294967279,55
4294967279,54
4294967279,53
4294967279,52
4294967279,51
4294967279,50
4294967279,49
4294967279,48
4294967279,47
4294967279,46
4294967278,353
4294967279,212
4294967278,352
4294967279,211
4294967279,116
4294967279,115
4294967279,114
4294967279,113
4294967279,112
4294967279,111
4294967279,110
4294967279,109
4294967279,108
4294967279,107
4294967279,106
4294967279,105
4294967279,104
4294967279,103
4294967279,102
4294967279,101
4294967279,100
4294967279,99
4294967279,98
4294967279,95
4294967279,93
4294967279,92
4294967279,91
4294967279,90
4294967279,89
4294967279,87
4294967279,86
4294967279,85
4294967279,84
4294967279,83
4294967279,82
4294967279,81
4294967279,80
4294967279,79
4294967279,78
4294967279,77
4294967279,76
4294967279,75
4294967279,74
4294967279,73
4294967279,72
4294967279,71
4294967279,70
4294967279,69
4294967279,68
4294967279,67
4294967278,351
4294967279,97
4294967279,96
4294967279,208
4294967279,94
4294967278,132
4294967278,128
4294967278,124
4294967278,122
4294967278,121
4294967278,120
4294967278,119
4294967278,118
4294967278,117
4294967278,116
4294967278,114
4294967278,110
4294967278,108
4294967278,107
4294967278,106
4294967278,105
4294967278,100
4294967278,98
4294967278,97
4294967278,96
4294967278,95
4294967278,91
4294967278,89
4294967278,87
4294967278,84
4294967278,83
4294967278,81
4294967278,77
4294967278,75
4294967278,74
4294967278,73
4294967278,72
4294967278,71
4294967278,70
4294967278,69
4294967278,68
4294967278,64
4294967278,62
4294967278,61
4294967278,60
4294967278,59
4294967278,58
4294967278,54
4294967278,52
4294967278,51
4294967278,50
4294967278,49
4294967278,47
4294967278,46
4294967278,43
4294967278,41
4294967278,40
4294967278,39
4294967278,38
4294967278,37
4294967278,36
4294967278,35
4294967278,34
4294967278,30
4294967278,29
4294967278,28
4294967278,27
4294967278,26
4294967278,25
4294967278,277
4294967278,24
4294967278,23
4294967278,287
4294967278,22
4294967278,275
4294967278,21
4294967278,20
4294967278,19
4294967278,18
4294967278,285
4294967278,17
4294967278,279
4294967278,16
4294967278,15
4294967278,284
4294967278,14
4294967278,267
4294967278,13
4294967278,12
4294967278,11
4294967278,281
4294967278,10
4294967278,9
4294967278,8
4294967278,7
4294967278,6
4294967278,289
4294967278,5
4294967278,4
4294967279,132
4294967279,131
4294967279,130
4294967279,129
4294967279,128
4294967279,257
4294967279,127
4294967279,126
4294967279,125
4294967279,124
4294967279,123
4294967279,122
4294967279,121
4294967279,120
4294967279,247
4294967279,119
4294967279,118
4294967279,117
4294967279,27
4294967279,26
4294967279,24
4294967279,23
4294967279,21
4294967279,18
4294967279,16
4294967279,15
4294967279,14
4294967279,13
4294967279,12
4294967279,11
4294967279,10
4294967279,6
4294967278,203
4294967278,90
4294967278,201
4294967278,200
4294967278,85
4294967278,198
4294967278,199
4294967278,350
4294967278,86
26,5
4294967278,197
26,4
4294967278,196
26,3
26,2
26,1
4294967278,349
4294967278,82
4294967278,195
4294967279,415
4294967278,80
4294967294,387
4294967279,414
4294967278,79
4294967278,78
4294967278,190
4294967294,989
4294967278,189
4294967278,348
4294967278,76
4294967278,188
4294967278,187
25,5
4294967278,186
25,4
25,3
25,2
25,1
4294967279,413
4294967278,185
4294967278,184
4294967279,412
4294967279,411
4294967279,410
4294967278,347
4294967278,346
4294967278,67
4294967278,66
4294967278,65
4294967278,177
4294967294,473
4294967279,409
4294967278,176
4294967278,345
4294967278,63
4294967278,175
4294967278,173
4294967278,172
4294967279,408
4294967278,171
4294967278,170
4294967278,57
4294967279,407
4294967278,56
4294967278,55
4294967278,166
4294967278,165
4294967278,344
4294967278,53
4294967279,406
4294967278,164
4294967278,160
4294967278,162
4294967278,161
4294967278,343
4294967278,48
4294967278,159
4294967279,405
4294967278,45
4294967278,342
4294967278,44
4294967278,42
4294967278,153
4294967278,152
4294967278,151
4294967279,404
4294967278,150
4294967278,149
4294967279,403
4294967278,341
4294967278,33
4294967294,408
4294967294,396
4294967294,417
4294967294,419
4294967294,179
